   1.0000000e+00   2.5000000e+01   7.0000000e+01   1.7300000e+02
   1.0000000e+00   2.2000000e+01   6.8000000e+01   1.7200000e+02
   1.0000000e+00   2.4000000e+01   8.3000000e+01   1.8000000e+02
   1.0000000e+00   2.6000000e+01   7.5000000e+01   1.8300000e+02
   0.0000000e+00   2.3000000e+01   5.2000000e+01   1.6400000e+02
   1.0000000e+00   3.0000000e+01   5.5000000e+01   1.7600000e+02
   1.0000000e+00   1.7000000e+01   7.0000000e+01   1.8200000e+02
   1.0000000e+00   3.2000000e+01   7.5000000e+01   1.7400000e+02
   1.0000000e+00   2.7000000e+01   6.5000000e+01   1.7900000e+02
   1.0000000e+00   2.9000000e+01   6.4000000e+01   1.7400000e+02
   0.0000000e+00   2.7000000e+01   5.5000000e+01   1.5500000e+02
   1.0000000e+00   2.3000000e+01   5.3000000e+01   1.6900000e+02
